	   			   	0		1		2		3		4			5		6		7		8		9		
PSP                  2		2		0		0		8			0		8		8		0		8		
PSP                  3		3		3		0		8			0		8		8		0		8		
NN				4		4		0		4		8			0		8		8		0		8		
NNP				4		4		0		4		8			0		8		8		0		8		
NST					4		4		0		4		8			0		8		8		0		8		
QC				4		4		0		4		8			0		8		8		0		8		
PRP					9		9		0		9	 	8	 		0		8		8		0		8		
QW				9		9		0		9		8			0		8		8		0		8		
PRP				9		9		0		9		8			0		8		8		0		8		
PRP				9		9		0		9		8			0		8		8		0		8		
QF			0		0		0		0		7			6		7		7		0		8		
INTF			0		0		0		0		7			6		7		7		0		8		
DEM		0		0		0		4:pn	7			6		7		7		0		8		
QC				0		0		0		0		7			6		7		7		0		8		
PRP					0		0		0		0		7			6		7		7		0		8		
QO				0		0		0		0		7			6		7		7		0		8		
QC			0		0		0		0		7			6		7		7		0		8		
JJ			0		0		0		0		7			6		7		7		0		8		
QW					0		0		0		0		7			6		7		7		0		8				
Other				0		0		0		0		8			0		8		8		0		8		
RP			1		1		0		0		5			5		8		8		0		8		
